0
1
2
3
4
6
7
9
10
12
13
16
19
25
28
31
34
35
36
37
39
43
44
46
47
50
51
56
57
58
59
61
63
64
65
66
67
68
69
71
72
73
74
75
76
79
81
82
84
85
86
88
89
90
94
98
101
102
105
107
108
112
114
116
120
121
122
123
124
127
128
129
130
133
137
139
140
142
143
144
146
149
150
152
155
156
158
159
160
162
163
164
166
167
168
169
170
171
172
173
175
177
179
180
181
182
185
186
189
191
192
193
194
195
198
199
200
201
202
203
204
208
209
211
212
215
216
219
220
222
225
228
229
230
232
235
236
237
238
240
241
242
243
246
248
249
251
252
254
256
258
259
261
262
264
266
267
268
271
273
274
275
277
278
279
280
282
284
287
288
289
290
291
294
295
296
297
299
301
302
303
304
305
306
308
309
310
311
312
314
324
326
327
329
333
334
335
336
337
339
340
342
344
346
349
350
353
354
362
366
367
368
369
370
371
373
374
375
377
379
380
381
384
385
387
389
390
391
392
395
396
397
398
402
404
405
406
407
411
412
413
415
416
417
420
425
426
427
428
429
430
435
436
437
438
439
440
441
444
450
451
454
460
461
462
463
464
465
466
467
468
469
470
472
473
474
478
479
482
483
485
487
488
489
490
491
492
494
495
496
499
501
503
504
505
508
509
510
512
513
514
515
518
519
520
521
523
524
526
527
528
529
530
532
533
536
538
543
545
546
547
548
549
550
551
553
554
555
558
561
563
565
566
567
568
569
570
571
574
575
576
577
578
579
580
582
583
584
586
588
589
590
594
597
598
599
600
601
602
603
605
606
607
608
609
610
613
616
617
618
619
620
622
625
626
627
628
630
633
636
637
639
640
641
642
646
648
650
653
655
656
657
658
661
663
664
665
667
669
670
671
673
674
675
676
677
678
679
680
681
682
683
685
687
688
689
692
694
695
696
697
699
700
701
704
707
708
709
710
711
712
713
714
715
717
718
722
723
725
726
728
730
731
737
738
739
740
741
742
744
745
747
749
751
755
757
759
760
761
762
763
764
765
767
768
770
771
772
774
775
776
778
779
780
781
787
788
789
790
791
792
794
795
796
798
799
801
802
804
805
806
808
810
812
814
815
816
817
818
819
820
821
824
830
833
835
836
837
838
839
840
841
843
844
846
848
851
852
853
854
855
856
857
862
864
865
867
870
872
874
875
876
877
879
880
881
882
884
885
886
887
888
890
891
893
897
898
900
904
905
907
910
911
912
913
914
915
916
917
918
919
920
921
922
923
925
926
927
928
931
933
934
938
939
940
941
942
944
945
946
947
949
951
954
956
957
960
963
965
974
975
980
982
983
985
987
990
991
992
993
995
996
997
1000
1004
1007
1008
1009
1011
1012
1014
1015
1016
1021
1022
1024
1027
1028
1029
1031
1034
1035
1036
1037
1038
1042
1043
1044
1046
1047
1048
1053
1055
1057
1059
1061
1062
1063
1064
1065
1066
1067
1071
1072
1074
1077
1079
1080
1084
1085
1086
1087
1090
1091
1093
1094
1095
1096
1097
1098
1099
1102
1103
1105
1107
1108
1109
1111
1112
1113
1114
1115
1118
1119
1120
1122
1123
1124
1125
1127
1128
1131
1132
1133
1134
1135
1136
1137
1138
1141
1142
1143
1145
1146
1147
1148
1150
1153
1155
1156
1157
1158
1160
1161
1164
1165
1166
1168
1169
1170
1171
1172
1173
1174
1175
1176
1178
1179
1180
1181
1183
1186
1188
1191
1192
1193
1194
1197
1198
1199
1200
1201
1204
1206
1207
1209
1210
1213
1214
1215
1216
1217
1219
1221
1222
1226
1227
1232
1233
1234
1236
1239
1240
1241
1244
1246
1248
1249
1250
1251
1253
1255
1258
1259
1261
1262
1263
1264
1266
1268
1269
1271
1272
1273
1275
1278
1280
1281
1282
1283
1284
1287
1291
1295
1296
1298
1299
1300
1301
1302
1303
1304
1305
1309
1312
1313
1314
1315
1316
1317
1318
1320
1321
1322
1323
1324
1325
1330
1331
1332
1333
1335
1336
1337
1338
1339
1340
1341
1342
1344
1345
1346
1347
1349
1350
1354
1358
1360
1363
1364
1365
1368
1369
1371
1372
1373
1374
1375
1378
1380
1383
1384
1385
1386
1387
1388
1389
1390
1391
1393
1394
1395
1397
1398
1401
1402
1403
1404
1405
1406
1411
1412
1413
1414
1415
1417
1418
1420
1423
1425
1426
1428
1429
1431
1432
1436
1437
1438
1439
1440
1443
1444
1445
1446
1447
1451
1452
1453
1455
1456
1457
1458
1459
1460
1462
1463
1465
1467
1468
1469
1471
1473
1474
1475
1478
1479
1481
1482
1483
1484
1487
1488
1490
1492
1494
1496
1497
1498
1501
1502
1504
1506
1507
1508
1510
1511
1518
1519
1520
1521
1522
1523
1524
1525
1527
1528
1529
1531
1535
1537
1539
1540
1541
1543
1544
1547
1548
1549
1550
1551
1552
1553
1556
1557
1558
1560
1564
1566
1567
1569
1570
1571
1572
1573
1575
1576
1577
1578
1579
1581
1582
1583
1584
1586
1587
1588
1589
1591
1593
1594
1596
1600
1601
1603
1605
1606
1607
1610
1612
1613
1614
1616
1617
1619
1620
1621
1622
1624
1625
1627
1628
1629
1632
1634
1635
1636
1641
1642
1643
1644
1646
1647
1650
1651
1652
1656
1657
1661
1662
1663
1664
1666
1668
1669
1670
1671
1673
1675
1677
1678
1682
1684
1685
1686
1687
1688
1690
1691
1692
1695
1696
1697
1698
1700
1701
1702
1703
1704
1705
1706
1708
1709
1712
1715
1718
1719
1720
1721
1722
1724
1725
1727
1728
1729
1730
1731
1732
1733
1734
1735
1736
1737
1738
1739
1741
1742
1743
1744
1745
1747
1748
1749
1750
1751
1753
1754
1755
1756
1758
1760
1761
1762
1763
1766
1767
1768
1770
1772
1773
1775
1776
1777
1778
1779
1780
1781
1782
1783
1785
1786
1787
1788
1789
1791
1792
1794
1795
1796
1798
1800
1801
1805
1806
1807
1808
1812
1813
1814
1816
1819
1820
1821
1823
1824
1826
1829
1830
1831
1833
1835
1836
1837
1841
1843
1844
1846
1847
1848
1854
1855
1857
1858
1859
1861
1862
1865
1867
1868
1871
1872
1873
1875
1877
1879
1883
1884
1885
1888
1889
1890
1893
1894
1895
1898
1900
1901
1903
1904
1905
1907
1911
1912
1913
1914
1915
1916
1917
1918
1920
1921
1922
1923
1924
1927
1928
1930
1931
1932
1933
1934
1935
1937
1938
1940
1946
1948
1950
1953
1954
1955
1956
1957
1958
1960
1964
1966
1967
1969
1970
1971
1976
1978
1979
1981
1982
1984
1986
1987
1988
1989
1990
1992
1993
1995
1997
1998
2000
2001
2002
2003
2004
2005
2006
2007
2009
2013
2014
2015
2016
2017
2018
2019
2020
2022
2023
2025
2026
2027
2028
2029
2030
2031
2033
2034
2036
2037
2039
2040
2041
2042
2043
2045
2047
2049
2054
2056
2058
2059
2060
2061
2062
2063
2064
2065
2066
2067
2070
2071
2072
2073
2074
2075
2076
2077
2079
2080
2081
2083
2084
2086
2087
2089
2090
2092
2093
2094
2095
2096
2097
2099
2100
2101
2102
2103
2104
2105
2106
2107
2108
2109
2111
2112
2113
2114
2115
2116
2118
2119
2122
2123
2124
2125
2126
2129
2131
2132
2133
2135
2137
2138
2139
2140
2141
2142
2145
2146
2147
2149
2151
2152
2153
2154
2155
2156
2159
2161
2162
2164
2165
2166
2168
2169
2170
2171
2172
2173
2174
2175
2176
2177
2178
2179
2180
2181
2183
2184
2185
2187
2189
2192
2193
2194
2195
2197
2198
2200
2202
2203
2204
2205
2206
2207
2208
2209
2210
2212
2213
2214
2215
2217
2218
2219
2221
2222
2223
2225
2226
2228
2229
2231
2232
2233
2234
2235
2236
2237
2238
2239
2240
2241
2242
2245
2248
2251
2253
2256
2257
2258
2259
2260
2261
2263
2267
2270
2271
2273
2275
2277
2278
2280
2281
2282
2283
2284
2285
2286
2287
2288
2289
2290
2291
2293
2295
2296
2297
2298
2300
2302
2303
2304
2305
2306
2308
2309
2310
2312
2313
2315
2316
2317
2319
2320
2321
2322
2324
2325
2326
2330
2331
2332
2333
2334
2335
2336
2338
2341
2342
2343
2344
2345
2346
2347
2348
2349
2350
2351
2352
2353
2354
2356
2358
2359
2361
2363
2364
2365
2368
2369
2370
2371
2373
2374
2377
2379
2380
2382
2383
2384
2385
2386
2388
2389
2390
2391
2392
2394
2396
2397
2400
2401
2402
2403
2404
2407
2408
2409
2410
2411
2412
2414
2415
2416
2417
2418
2419
2422
2423
2424
2426
2428
2429
2432
2433
2434
2436
2438
2439
2440
2441
2442
2445
2447
2448
2450
2451
2452
2453
2454
2455
2457
2458
2459
2460
2463
2464
2465
2467
2470
2471
2473
2474
2475
2476
2477
2478
2482
2485
2487
2489
2490
2491
2494
2495
2496
2498
2499
2500
2501
2502
2503
2504
2505
2506
2507
2509
2511
2513
2514
2515
2516
2517
2521
2522
2523
2524
2525
2532
2533
2534
2537
2542
2544
2546
2547
2548
2553
2554
2555
2556
2558
2559
2560
2561
2562
2563
2564
2565
2570
2571
2572
2573
2576
2577
2578
2579
2580
2581
2583
2585
2586
2587
2588
2590
2591
2592
2594
2595
2600
2602
2604
2605
2606
2607
2608
2611
2612
2613
2614
2615
2618
2619
2621
2623
2624
2626
2628
2630
2633
2634
2635
2639
2640
2641
2646
2648
2649
2652
2653
2654
2655
2657
2658
2660
2661
2662
2664
2665
2666
2667
2670
2671
2672
2673
2674
2677
2679
2680
2682
2683
2684
2685
2686
2687
2688
2689
2694
2695
2696
2698
2700
2701
2703
2704
2706
2707
2709
2711
2712
2713
2714
2716
2717
2718
2719
2722
2723
2726
2729
2732
2733
2734
2735
2736
2737
2738
2740
2741
2742
2745
2749
2750
2751
2752
2755
2756
2757
2758
2760
2761
2762
2765
2766
2768
2772
2773
2774
2775
2776
2777
2778
2779
2780
2781
2782
2783
2784
2786
2788
2792
2794
2795
2798
2799
2800
2801
2802
2803
2804
2805
2806
2807
2810
2811
2812
2814
2815
2817
2819
2820
2822
2823
2825
2828
2829
2830
2831
2832
2833
2834
2835
2836
2839
2841
2843
2844
2846
2848
2850
2852
2853
2854
2856
2857
2858
2859
2861
2862
2863
2864
2865
2866
2868
2870
2874
2876
2877
2880
2881
2884
2885
2886
2889
2891
2892
2893
2894
2895
2896
2897
2898
2900
2903
2906
2908
2910
2911
2912
2914
2915
2916
2917
2918
2919
2922
2923
2924
2925
2926
2927
2928
2931
2934
2935
2938
2940
2941
2942
2943
2944
2945
2946
2947
2948
2949
2950
2951
2952
2954
2955
2956
2957
2958
2959
2960
2961
2963
2966
2969
2970
2971
2972
2974
2975
2976
2978
2979
2980
2982
2984
2988
2989
2991
2992
2993
2994
2995
2996
2997
2998
2999
3000
3004
3005
3007
3008
3009
3010
3011
3012
3013
3014
3015
3016
3019
3021
3022
3023
3024
3025
3026
3028
3029
3033
3034
3035
3036
3037
3038
3039
3040
3042
3044
3045
3047
3048
3049
3050
3051
3052
3053
3055
3056
3057
3058
3059
3060
3061
3062
3064
3066
3067
3068
3069
3070
3072
3073
3074
3077
3078
3079
3080
3081
3082
3084
3085
3088
3089
3090
3092
3094
3096
3097
3098
3099
